42 63 44 69 48 80 52 93 56 107 59 115 64 113 75 106 83 100 89 92 92 85 93 82 94 80 91 81 79 85 64 89 47 96 30 103 24 105 36 99 53 93 67 89 75 86 76 87 67 93 51 104 31 117 11 128 0 135 -1 137 4 137 23 131 52 121 77 110 92 105 98 103
56 105 60 102 71 92 83 79 95 67 107 56 114 50 117 46 116 45 111 45 102 45 92 45 81 43 70 42 60 39 57 38 54 37 53 37 54 40 57 43 65 53 77 65 88 77 100 92 110 104 117 115 121 121 122 123 124 123
60 63 62 69 66 81 72 94 76 104 79 110 82 113 85 115 89 109 96 99 103 87 110 75 116 65 120 60 121 57 121 55 116 56 99 63 78 70 59 76 46 80 44 81 53 79 73 74 99 69 119 62 133 59 134 59 122 66 105 78 78 91 52 103 36 112 35 115 44 115 64 111 90 106 112 102 124 101 125 101 122 104 115 107 112 110 109 113 108 114
61 101 61 94 62 83 65 70 69 59 76 47 85 38 93 34 99 31 104 29 107 30 111 34 117 43 122 55 126 66 128 76 127 86 125 94 120 100 117 103 113 106 109 107 103 106 92 103 82 99 74 91 68 83 65 75 62 71 60 68 60 66 62 64 65 61 70 59 77 57 85 58 95 62 102 66 110 73 114 81 118 93 120 104 123 115 124 126 123 131 122 133 119 136 116 138 113 139 109 139 107 139 104 138
59 62 59 68 62 79 65 89 68 97 70 100 72 100 74 99 79 96 89 86 102 73 114 61 121 56 121 55 110 60 93 64 69 68 48 72 36 75 36 75 47 72 64 67 79 64 91 62 97 62 97 62 87 68 70 75 55 81 47 85 45 87 49 87 61 84 77 81 94 78 107 77 115 76 115 76
79 44 78 48 78 58 79 69 82 79 86 90 89 96 92 99 95 99 99 97 110 91 121 81 132 70 140 59 142 56 137 57 120 61 99 66 73 70 54 72 46 73 45 73 56 70 73 66 91 61 106 58 114 57 111 59 100 63 83 69 64 76 48 84 42 87 46 88 61 85 79 82 98 78 113 75 117 75 115 76
51 64 53 68 56 76 59 84 63 95 66 101 69 104 72 105 74 104 80 101 91 92 98 83 103 75 106 70 106 68 100 71 83 77 60 81 38 87 28 90 28 92 41 88 58 85 74 83 87 82 93 82 92 84 83 88 72 92 59 96 52 99 52 100 58 97 67 96 79 95 91 97 96 98 98 98 99 98
71 58 73 66 75 75 76 81 77 88 78 91 81 94 83 97 86 97 89 95 93 90 100 82 105 74 110 67 112 64 110 64 99 67 83 71 67 73 54 76 50 78 56 78 69 76 80 74 89 74 90 75 83 78 71 82 54 86 41 91 36 94 35 97 37 98 45 97 56 94 73 92 86 92 95 91 97 91 96 90
49 64 51 67 55 75 58 81 61 86 64 89 67 92 70 93 74 93 80 89 87 82 95 72 98 65 100 62 98 62 88 65 72 69 49 74 35 78 30 79 35 78 46 76 58 74 73 74 85 74 95 74 96 75 91 78 81 81 68 85 52 89 43 92 40 94 44 93 56 91 68 89 80 88 87 86 89 86
69 56 69 62 69 71 69 81 72 90 74 93 77 95 79 96 82 94 86 91 95 84 103 79 107 75 109 73 99 75 78 79 51 82 30 87 23 89 23 89 35 87 49 85 64 84 76 84 83 84 85 86 80 89 71 93 61 97 49 101 44 105 43 108 43 110 50 109 62 107 74 104 90 100 101 97 104 97 102 95 99 95
50 52 50 59 50 68 52 77 53 84 56 92 59 95 61 97 65 97 70 94 81 86 93 75 104 65 110 59 112 58 105 60 90 66 63 77 40 81 26 85 25 86 25 86 36 84 52 84 68 84 81 85 83 86 80 88 70 92 57 97 51 100 49 101 50 104 55 105 67 104 82 101 95 98 100 96 101 97 95 102
40 76 40 78 40 83 42 89 44 97 46 105 48 112 50 118 52 123 54 125 56 126 57 128 59 128 60 128 61 128 64 126 67 122 70 116 73 108 76 100 78 93 83 85 86 78 88 71 88 66 89 64 89 63 89 62 89 64 86 68 82 73 76 79 70 84 64 89 56 94 50 98 44 101 41 103 39 105 37 106 37 107 37 106 42 104 49 101 56 99 64 97 71 95 77 93 83 91 84 91 85 91 86 91 84 93 79 97 72 103 64 110 55 115 45 121 37 125 30 130 24 134 20 137 19 138 19 139 21 140 24 140 28 139 33 137 41 135 46 133 52 131 59 129 65 127 71 126 74 124 76 123 77 122 79 122 80 122 81 121 83 121 84 121 86 121 86 120 86 120
104 35 102 36 100 38 99 40 97 43 96 46 94 51 93 54 91 60 91 65 91 72 89 79 87 86 85 93 83 100 81 106 79 113 77 119 74 123 73 127 71 128 69 130 67 130 65 131 63 132 62 132 61 132 59 130 57 128 56 124 54 118 52 111 50 103 48 96 47 90 47 85 46 82 45 79 45 76 45 74 46 72 47 71 48 70 49 70 51 69 52 68 54 69 57 71 61 72 64 75 69 79 74 82 80 84 86 88 90 91 94 93 97 95 101 95 103 96 106 96 108 96 109 96 110 95 112 93 113 92 114 91 115 89 115 88 115 87 115 86 115 85 115 84 115 84
75 59 76 64 78 71 80 78 82 85 84 90 86 96 88 101 90 103 91 104 92 106 94 107 96 107 97 107 99 105 102 100 105 94 108 88 110 82 113 75 115 68 117 61 119 55 121 51 122 47 123 46 123 45 123 43 122 44 119 45 113 48 105 54 97 58 88 61 81 64 74 68 70 70 67 71 66 71 67 71 71 69 77 65 85 62 90 60 96 58 102 56 106 54 109 54 111 54 112 54 113 54 113 56 111 60 108 65 104 70 99 75 93 80 90 82 86 85 85 87 83 89 81 90 80 92 80 93 82 92 86 91 92 89 98 87 103 85 108 83 112 82 115 81 118 81 119 81 118 81 117 83 113 86 108 89 102 93 96 96 90 98 86 100 81 103 75 106 70 109 68 110 67 112 66 113 66 114 67 114 68 113 69 112 71 112 72 110 74 110 75 109 76 108 78 108 79 108 80 108 81 108 83 109 84 110 84 110
65 58 65 60 67 68 68 75 69 83 70 90 72 95 73 100 74 103 76 105 77 106 78 107 79 107 81 106 82 104 85 102 87 97 92 91 96 85 99 78 103 71 105 64 106 59 108 57 109 56 109 55 108 55 103 59 96 65 87 70 79 74 73 76 68 78 66 79 65 79 66 79 70 77 77 73 86 68 94 64 103 61 110 59 116 57 118 57 118 56 118 57 116 59 111 65 105 71 98 78 88 86 79 94 66 101 55 106 46 111 40 115 38 116 38 117 38 118 39 117 44 117 51 115 58 113 66 109 73 107 80 105 86 103 89 103 91 102 91 103 91 103
49 76 50 77 50 78 51 82 53 88 54 94 55 100 56 107 56 114 56 120 58 125 59 128 60 129 61 130 63 130 64 130 66 127 73 120 79 111 86 101 93 89 97 76 102 68 104 60 106 54 107 49 108 48 108 47 107 49 103 55 98 62 90 70 83 76 76 82 69 85 65 87 60 89 59 90 58 91 58 92 60 94 61 95 63 99 67 102 72 107 77 111 81 116 83 121 85 125 86 127 86 130 85 133 84 136 82 138 80 139 77 141 72 142 68 143 64 143 58 141 52 138 46 135 42 129 40 123 40 117 40 109 41 101 45 93 50 83 57 74 64 67 72 60 78 56 84 53 89 51 95 51 99 51 102 51 105 52 110 54 114 56 118 57 122 59 126 59 130 59 133 58 135 57 136 56 137 54 137 53 137 52 136 51 136 51
76 59 78 66 80 73 81 82 82 90 82 98 80 103 78 112 75 118 70 124 64 129 59 133 56 134 54 136 52 136 51 135 49 134 48 131 47 126 47 121 48 113 50 104 53 96 56 88 61 80 67 74 70 72 72 71 74 71 76 70 77 71 78 72 81 74 83 76 86 78 91 80 95 81 100 82 105 82 107 82 109 81 112 79 113 78 114 75 115 70 115 67 115 64 113 62 112 60 110 59 109 57 107 56 106 56 105 57 103 59 102 62 101 67 99 73 97 79 95 85 93 90 91 97 88 105 84 111 80 118 76 125 72 131 68 137 65 141 63 143 61 144 60 145 59 145 58 145 56 144 55 143 55 139 55 132 57 125 59 119 61 112 63 107 64 104 65 103 67 101 68 100 70 99 72 99 77 99 82 100 88 102 94 104 100 106 104 108 107 109 110 109 111 110 111 110
74 66 74 71 74 77 74 82 73 88 71 95 69 101 68 108 67 113 66 119 64 125 62 129 60 131 60 133 60 133
69 67 70 67 72 68 77 69 81 71 87 73 92 75 95 77 97 78 100 80 103 80 105 81 106 81 107 81 109 80 110 79 111 78 112 76 112 74 112 73 112 72 112 72
83 56 82 60 81 65 80 70 79 76 77 81 75 86 73 90 71 95 69 99 68 102 66 105 65 106 64 108 62 109 61 110 60 110 60 110
60 96 61 91 63 85 64 83 66 79 67 78 69 77 70 76 70 75 72 75 73 75 76 76 79 78 83 81 89 84 94 88 97 92 99 94 100 96 102 100 104 103 104 105 104 108 105 112 106 115 108 119 109 122 111 125 112 127 112 127
53 82 54 87 55 92 56 97 58 103 60 106 61 109 63 111 63 112 65 113 66 113 67 113 69 111 73 108 78 102 84 95 91 87 100 78 106 69 111 63 116 57 118 55 119 53 120 53 117 55 112 57 107 60 101 62 95 65 86 68 79 70 74 72 67 74 61 76 55 78 51 80 49 81 48 82 47 83 47 84 49 84 54 84 60 83 66 81 74 80 82 79 89 78 96 77 101 76 105 76 106 76 106 77 105 77 102 79 97 82 91 84 84 88 75 92 68 96 61 101 55 105 49 110 44 113 42 116 40 117 40 118 40 119 41 119 42 119 43 118 47 117 52 115 59 113 65 112 70 111 77 110 83 110 88 110 91 110 94 110 95 110 96 110 97 110 98 110 99 110 99 110
59 76 59 77 60 82 62 89 64 95 66 101 68 106 70 110 72 112 74 114 77 114 80 114 83 114 87 112 93 109 99 104 105 99 111 93 116 86 120 80 122 76 124 71 124 70 124 69 124 67 123 67 122 67 120 68 116 69 109 71 100 74 92 78 83 81 72 86 64 92 54 95 48 97 45 98 44 100 43 100 44 99 50 98 55 96 61 93 67 91 74 88 80 86 85 85 88 85 89 86 90 86 90 87 89 89 87 94 83 99 78 105 72 113 64 122 58 131 52 137 48 143 46 146 45 149 45 150 46 151 46 152 48 152 51 151 55 148 63 144 70 140 78 135 86 129 93 125 99 123 105 121 107 120 108 119 109 119 109 120 109 120
79 88 82 97 89 112 93 117 98 121 101 123 103 125 105 126 106 127 109 127 111 126 113 123 113 121 113 119 114 117 116 113 117 111 119 104 119 100 120 95 121 89 121 83 121 75 120 70 117 65 115 59 112 55 109 52 106 49 102 46 98 45 95 44 89 44 88 44 88 45 86 46 86 47 86 48 86 51 85 54 85 55 85 57 84 59 83 59 83 59
40 63 41 64 43 68 45 72 48 78 52 84 56 87 57 88 62 90 64 91 67 91 70 91 73 90 75 88 78 85 79 82 81 78 83 73 85 67 86 63 86 60 86 59 86 58 84 58 83 59 80 60 74 62 68 65 62 69 56 73 49 78 43 83 40 86 39 87 38 88 39 88 41 88 46 87 53 86 62 84 71 82 79 80 87 78 93 76 95 76 96 76 96 76
58 71 59 71 60 75 62 81 64 87 66 91 68 96 69 100 71 102 72 104 74 105 75 106 76 107 77 107 78 107 80 106 81 104 83 102 85 99 88 94 92 88 95 82 97 75 99 70 101 64 102 59 103 58 103 57 102 57 100 60 97 63 92 67 87 71 82 75 78 80 73 86 70 90 66 95 64 97 63 99 62 99 62 100 64 99 69 97 76 94 85 91 93 89 101 87 109 85 115 83 117 82 118 82 118 83 116 85 114 87 109 91 103 94 96 98 88 102 80 106 70 111 62 114 54 118 49 120 45 122 45 123 48 123 52 122 58 120 64 118 71 116 79 114 87 113 93 112 97 112 100 112 101 112 101 112
131 107 132 107 132 108 132 111 131 112 130 114 128 116 127 118 125 119 124 121 122 122 121 124 120 125 118 125 117 126 116 126 115 126 115 126
68 90 68 89 68 88 68 86 68 85 69 84 70 81 71 79 71 77 72 74 74 71 75 68 77 65 78 62 79 60 81 58 81 56 81 55 82 54 83 53 83 53
64 57 64 59 63 61 63 64 64 66 64 69 65 72 67 76 68 79 69 81 71 83 71 85 72 86 73 87 73 86 74 85 77 83 80 79 85 75 89 71 93 66 94 64 95 63 94 65 91 67 88 69 86 71 81 72 78 74 77 75 76 76 76 75 78 73 80 71 83 68 88 66 92 65 97 63 102 61 103 60 104 59 104 60 104 61 103 63 101 66 96 71 91 77 85 81 79 86 71 91 65 95 59 99 54 100 49 102 48 104 48 104
42 72 42 73 43 76 45 82 47 88 49 95 51 102 53 109 55 115 56 118 58 119 59 120 61 119 62 118 63 116 65 112 67 108 69 103 71 98 73 92 74 87 76 82 78 78 79 76 80 74 81 73 81 72 80 72 79 73 75 74 69 77 63 81 57 86 49 90 42 95 35 98 28 102 22 104 20 105 18 107 19 107 21 107 25 108 30 108 39 107 47 107 55 107 63 107 71 107 76 108 79 109 81 109 80 109 79 110 76 112 70 114 64 115 58 118 52 121 48 123 45 125 43 126 42 128 44 128 48 127 51 127 56 125 60 123 66 121 72 120 76 120 79 119 80 119 83 119 84 119 84 119
84 50 84 52 82 57 80 62 78 68 76 74 74 81 72 87 70 92 67 98 65 104 62 109 58 112 53 115 49 117 44 119 41 120 39 120 37 120 35 119 32 117 31 116 31 114 30 112 29 108 28 104 28 99 28 97 30 95 31 93 33 91 37 90 42 89 47 87 52 87 58 88 64 91 70 96 76 100 82 105 88 110 93 114 96 117 101 118 103 120 104 120 104 121 104 122 104 122
71 76 71 82 72 87 73 93 73 97 75 103 76 105 78 108 78 110 80 110 81 110 82 108 85 107 87 104 90 98 94 93 98 88 100 83 103 80 105 78 105 76 103 76 102 77 101 78 99 80 98 81 96 83 94 84 93 86 90 88 90 88
59 77 59 79 59 83 59 87 59 93 61 96 63 99 64 100 65 101 66 101 67 101 68 101 69 99 70 98 72 95 75 91 79 87 81 83 86 79 90 76 93 72 95 69 96 66 98 65 98 64 98 63 98 63
88 49 88 50 88 50
61 80 62 80 63 81 65 82 67 82 70 82 73 82 75 81 76 81 78 80 79 79 80 78 80 78
